t,views,likes,comments
2026-10-01T04:41:52Z,23740,318,10
2026-10-01T15:00:36Z,23740,318,10
