t,views,likes,comments
2026-10-01T04:41:52Z,62028,690,55
2026-10-01T05:00:29Z,62028,690,55
2026-10-01T15:00:36Z,62441,695,55
